554
169
169
30000
30000
350
346
330
30000
261
326
334
350
519
576
346
30000
169
30000
330
257
358
30000
493
261
30000
30000
261
346
30000
30000
432
358
30000
554
334
169
706
346
326
169
515
30000
334
354
326
253
342
554
30000
30000
169
554
326
362
362
346
30000
346
257
350
30000
354
330
261
30000
346
30000
169
342
30000
519
30000
493
257
515
515
257
169
169
580
169
354
30000
30000
572
354
169
580
330
346
346
30000
249
432
257
338
354
432
169
30000
350
330
249
342
257
432
326
253
318
346
515
169
358
30000
515
30000
346
346
169
326
354
358
346
30000
334
493
350
326
169
346
362
326
30000
30000
30000
350
30000
30000
346
253
338
253
346
253
680
318
30000
30000
350
257
253
169
30000
330
330
249
680
432
350
330
338
30000
169
30000
30000
432
493
257
519
169
350
261
350
493
350
354
257
432
342
330
680
515
346
30000
358
261
342
354
346
30000
30000
326
342
30000
580
30000
576
346
493
354
338
350
330
30000
432
334
330
30000
30000
354
680
261
30000
30000
354
30000
169
30000
576
354
330
554
322
342
572
261
432
338
30000
261
253
354
576
30000
519
30000
493
350
30000
515
706
30000
30000
169
169
261
253
493
350
354
169
30000
354
346
30000
354
261
354
30000
30000
169
330
680
30000
30000
30000
30000
169
493
326
30000
432
169
330
30000
554
30000
30000
519
350
432
342
572
346
342
30000
326
350
354
30000
169
30000
330
257
519
580
334
169
350
350
253
576
30000
30000
493
354
326
30000
30000
432
554
169
350
680
253
253
30000
30000
515
432
519
169
330
580
30000
554
493
330
334
515
30000
169
30000
350
249
253
30000
30000
169
350
169
30000
354
30000
169
432
30000
30000
706
493
432
330
493
30000
30000
350
30000
330
580
169
432
30000
580
702
350
30000
330
261
338
326
30000
346
342
257
580
580
350
580
30000
358
342
249
358
362
30000
346
253
30000
342
350
169
706
342
350
330
330
330
326
253
346
30000
334
350
519
346
30000
169
249
30000
354
30000
169
342
169
680
30000
354
346
169
30000
576
30000
334
30000
30000
350
169
318
30000
330
493
346
680
346
318
358
554
354
169
30000
330
253
257
169
515
30000
169
519
30000
30000
493
432
519
432
511
554
30000
322
257
432
30000
493
350
253
30000
576
330
30000
350
30000
680
30000
334
169
358
30000
257
30000
330
253
554
358
680
30000
334
30000
519
253
169
354
30000
334
350
342
346
169
519
30000
169
493
30000
432
354
519
169
30000
346
30000
30000
576
346
342
350
30000
30000
493
432
580
493
169
346
30000
30000
330
346
169
169
680
322
493
346
330
354
346
572
706
493
350
334
330
519
30000
493
257
680
30000
350
30000
338
261
30000
576
30000
580
30000
511
257
350
326
30000
346
30000
493
30000
338
30000
515
354
30000
346
257
680
342
30000
354
257
30000
253
169
519
346
554
30000
249
576
432
580
257
350
30000
330
330
169
30000
334
554
432
169
169
257
169
554
30000
338
30000
169
257
354
346
30000
334
30000
362
249
30000
30000
432
493
169
342
342
334
169
326
30000
334
354
342
338
346
249
342
30000
362
519
346
30000
30000
554
169
30000
350
330
346
326
346
30000
326
519
253
576
515
169
432
257
342
30000
330
169
30000
30000
354
330
330
354
515
493
249
257
346
358
330
257
330
253
30000
169
554
354
30000
169
330
330
342
257
350
30000
346
330
432
30000
330
30000
493
326
432
354
30000
30000
680
330
30000
358
350
346
346
326
30000
30000
515
432
358
346
680
169
253
334
253
350
358
346
354
30000
334
261
554
169
30000
169
30000
253
515
330
554
358
30000
326
330
358
511
519
432
493
253
358
30000
350
511
515
515
169
169
261
354
680
342
30000
30000
346
346
30000
554
330
30000
169
580
30000
519
169
554
30000
169
338
334
261
432
169
519
326
30000
554
169
432
350
30000
432
511
169
432
169
350
30000
358
432
338
169
346
30000
346
338
432
169
169
519
706
493
30000
30000
554
30000
519
30000
346
330
354
30000
30000
432
30000
249
253
30000
30000
30000
346
169
30000
350
30000
680
169
330
30000
30000
346
576
706
519
261
30000
354
253
257
253
342
519
350
350
169
680
30000
330
362
30000
346
261
354
30000
358
169
30000
30000
350
350
326
257
493
169
30000
358
249
580
169
350
580
30000
338
362
354
350
511
493
30000
432
330
330
338
30000
350
30000
30000
330
706
554
169
342
169
169
253
169
30000
354
350
30000
346
350
354
350
30000
30000
432
169
515
342
257
30000
30000
30000
346
342
342
354
169
493
330
326
30000
30000
350
30000
342
519
253
261
342
354
30000
257
493
30000
354
30000
346
342
261
169
338
493
169
322
30000
30000
334
169
169
554
30000
169
169
169
30000
30000
249
169
354
253
706
261
346
261
169
30000
511
350
322
30000
342
680
169
554
169
30000
554
169
493
354
354
257
169
30000
515
30000
169
261
346
493
169
30000
326
